0,94,117,224,123,247255
1,92,116,223,122,595169
2,90,116,222,120,879840
3,92,116,224,122,1176757
4,92,116,222,122,1429204
5,90,115,221,121,1751193
6,92,116,222,120,2053657
7,92,116,223,122,2384204
8,92,116,222,120,2618644
9,90,116,222,120,2924591
10,89,117,221,121,3173666
11,92,117,223,124,3468755
12,90,116,223,122,3721900
13,92,115,224,121,4405657
14,94,117,225,122,4690278
15,94,118,226,123,5004635
16,95,119,226,123,5254616
17,96,118,227,123,5557029
18,94,118,227,123,5797815
19,92,117,223,122,6195327
20,92,117,224,121,6450304
21,92,117,223,121,6768372
22,92,117,222,123,7016043
23,92,117,223,122,7317746
24,94,117,224,121,7566332
25,94,117,225,124,7869016
26,94,117,224,123,8122336
27,92,117,223,121,8418802
28,92,116,222,120,8670765
29,92,117,221,121,8975679
30,92,116,223,122,9202585
31,92,117,223,121,9505532
32,92,117,223,121,9757997
33,92,116,222,120,10057252
34,90,115,221,121,10291040
35,92,115,223,119,10608460
36,94,115,224,121,10860042
37,92,115,221,121,11159004
38,92,117,222,121,11396411
39,92,115,221,121,11731178
40,92,115,223,119,11963995
41,92,115,224,119,12263944
42,86,114,219,120,12500777
43,81,118,215,123,12801802
44,79,120,210,125,13035384
45,75,118,203,122,13335369
46,73,119,202,121,13586263
47,73,117,203,121,13890802
48,75,118,205,122,14136731
49,73,117,202,121,14442077
50,71,115,202,120,14692194
51,73,117,202,121,15006144
52,75,118,204,121,15259795
53,73,116,201,121,15560249
54,73,117,204,122,15810580
55,73,118,204,123,16109892
56,73,119,202,121,16365813
57,73,119,203,121,16645740
58,73,119,205,123,16881378
59,73,119,204,123,17218388
60,74,118,205,122,17469616
61,73,119,202,123,17736480
62,77,122,206,125,17951854
63,75,119,205,123,18250212
64,75,119,205,123,18503295
65,73,119,202,121,18801333
66,77,120,206,125,19055327
67,74,118,205,122,19354484
68,75,120,206,125,19587658
69,74,118,205,122,19892591
70,73,119,204,123,20124858
71,73,118,204,123,20423990
72,73,117,202,122,20675039
73,75,119,206,123,20973978
74,73,119,202,123,21225574
75,73,118,204,123,21531681
76,73,118,203,123,21745719
77,73,117,203,121,22050031
78,71,115,202,121,22300492
79,73,115,202,119,22633150
80,73,115,201,119,22866316
81,73,115,203,121,23150450
82,75,117,206,121,23385958
83,77,120,207,125,23703526
84,73,118,204,123,23953298
85,77,120,205,122,24252473
86,77,116,210,121,24505361
87,88,116,221,120,24803709
88,99,112,227,117,25055731
89,99,114,227,118,25352321
90,99,111,227,116,25591420
91,99,114,227,118,25875272
92,97,113,226,118,26127946
93,96,112,223,116,26422998
94,96,112,224,116,26681038
95,95,111,222,115,26978833
96,97,113,223,117,27214025
97,99,112,225,117,27515858
98,99,116,227,118,27749118
99,97,114,226,118,28082608
100,100,116,227,121,28331116
101,101,115,228,119,28634388
102,101,115,229,119,28885069
103,100,116,229,121,29184242
104,99,114,227,118,29417438
105,99,115,226,117,29703965
106,95,111,223,115,29937259
107,97,111,226,115,30237724
108,97,113,226,118,30472149
109,95,111,223,115,30773191
110,97,111,224,115,31022814
111,97,111,226,115,31325302
112,95,111,222,115,31581079
113,95,113,222,115,31878050
114,92,111,221,115,32110563
115,94,112,220,116,32414596
116,95,111,223,115,32665156
117,97,113,223,117,32951034
118,94,112,221,116,33193888
119,92,109,220,114,33528924
120,95,111,223,115,33783329
121,95,111,222,115,34085287
122,95,111,224,115,34334088
123,95,111,223,115,34637641
124,99,112,226,117,34883634
125,94,117,226,121,35186710
126,93,127,225,132,35420883
127,92,130,221,132,35719706
128,97,130,224,135,35955912
129,93,129,221,133,36252853
130,92,129,220,133,36506824
131,92,128,221,133,36810210
132,90,129,219,131,37063797
133,90,130,219,133,37360761
134,92,129,219,133,37612125
135,92,129,219,133,37914102
136,92,131,220,133,38167231
137,92,129,219,133,38467688
138,92,128,220,133,38716202
139,95,128,221,133,39053067
140,95,129,223,133,39266714
141,92,130,221,133,39570006
142,94,130,221,132,39801790
143,92,128,221,133,40102492
144,92,130,221,133,40350691
145,90,129,219,131,40652201
146,90,129,218,131,40885175
147,92,129,219,133,41189003
148,90,129,218,131,41439513
149,88,129,218,131,41744925
150,90,127,218,131,41995659
151,90,129,218,131,42294926
152,90,129,218,131,42512812
153,90,129,218,131,42809494
154,90,129,218,131,43061444
155,90,129,219,133,43364029
156,88,127,218,130,43598651
157,90,129,218,131,43897708
158,89,128,218,131,44149870
159,88,129,218,131,44484114
160,90,129,219,133,44720267
161,88,129,218,131,45017737
162,86,127,215,130,45268345
163,86,130,215,132,45572260
164,86,127,214,129,45821562
165,90,129,218,131,46105434
166,88,122,218,125,46374962
167,86,124,218,126,46676413
168,85,125,220,127,46911844
169,86,124,222,126,47195068
170,88,126,225,128,47443494
171,84,124,223,126,47744755
172,80,122,219,124,47996249
173,77,121,221,126,48281969
174,75,122,216,124,48513735
175,79,126,219,126,48816479
176,80,131,221,128,49066491
177,81,133,224,130,49371522
178,81,135,225,133,49641661
179,82,135,227,130,49972253
180,80,136,228,132,50222048
181,81,135,226,128,50519092
182,79,135,225,130,50756173
183,77,132,220,125,51054246
184,78,133,226,128,51304588
185,85,133,231,127,51590709
186,88,130,230,123,51824139
187,88,130,230,123,52126445
188,87,130,231,121,52358948
189,84,128,227,122,52662936
190,84,126,228,120,52875311
191,90,119,228,112,53183294
192,93,118,231,114,53396198
193,88,115,225,109,53681649
194,88,115,228,109,53909737
195,89,116,227,112,54215108
196,87,114,224,110,54464996
197,88,115,225,110,54747344
198,88,115,226,110,54997158
199,88,116,226,111,55315146
200,87,116,227,110,55565593
201,87,114,227,110,55851721
202,88,115,227,110,56100211
203,90,118,231,111,56402195
204,90,116,227,111,56638151
205,90,118,228,111,56940076
206,90,118,227,114,57170982
207,88,117,226,112,57476502
208,89,117,229,113,57691754
209,92,117,231,113,57993640
210,88,118,226,114,58231881
211,88,116,227,111,58527105
212,88,116,226,111,58759143
213,88,116,229,111,59061716
214,88,115,227,110,59293376
215,88,115,225,110,59595865
216,88,115,225,112,59847006
217,88,117,225,112,60146592
218,88,117,227,112,60382269
219,88,116,226,114,60697731
220,88,117,226,112,60932104
221,88,117,228,112,61218731
222,86,118,226,114,61451716
223,74,128,215,117,61721638
224,70,129,210,125,61968489
225,68,130,207,126,62273621
226,67,127,207,123,62521594
227,70,129,209,125,62826089
228,64,126,203,122,63059202
229,70,132,210,127,63358355
230,66,129,206,122,63590057
231,66,128,205,124,63878151
232,68,130,208,126,64131769
233,66,129,208,126,64429735
234,67,132,209,127,64678665
235,70,130,207,123,64979232
236,67,130,209,125,65231915
237,67,130,209,125,65533493
238,64,126,206,124,65780607
239,70,130,209,125,66118718
240,67,127,210,125,66367963
241,67,127,208,123,66654796
242,66,126,208,124,66889599
243,67,127,208,123,67171347
244,70,130,209,125,67407723
245,67,130,209,125,67689267
246,70,130,212,126,67903001
247,67,130,208,125,68189752
248,67,127,209,125,68427783
249,67,127,208,123,68706619
250,66,128,210,126,68926790
251,67,130,208,125,69227299
252,68,128,212,126,69465680
253,67,130,209,125,69764271
254,68,128,209,126,70015139
255,67,130,210,125,70317024
256,67,127,210,125,70565252
257,75,134,218,129,70864731
258,81,134,222,129,71113884
259,85,134,224,130,71448620
260,90,135,229,130,71671179
261,90,135,230,130,71954369
262,93,134,231,130,72189519
263,90,132,228,130,72471800
264,90,134,231,129,72707437
265,90,132,229,129,72989990
266,92,135,231,131,73226274
267,92,135,231,131,73503862
268,92,135,234,131,73727390
269,91,134,231,132,74011685
270,94,133,231,131,74245062
271,93,134,231,132,74527374
272,90,134,229,132,74780747
273,90,132,229,130,75080982
274,90,135,228,132,75328519
275,88,132,229,130,75631704
276,90,134,231,132,75865023
277,90,134,230,132,76167742
278,87,132,226,130,76417819
279,90,134,230,132,76753633
280,88,134,229,132,76989576
281,90,134,231,132,77270650
282,90,134,232,132,77493565
283,90,134,229,132,77792519
284,93,134,231,132,78024076
285,93,134,231,132,78309058
286,90,132,228,130,78541765
287,90,134,231,132,78827601
288,90,134,228,132,79075333
289,90,134,231,132,79378772
290,88,134,229,129,79611201
291,90,134,228,132,79894881
292,90,134,231,132,80130096
293,90,136,232,132,80432380
294,90,132,228,130,80682528
295,90,132,230,129,80998984
296,90,132,229,129,81248766
297,90,134,230,132,81552296
298,94,135,234,133,81788666
299,92,132,235,128,82121517
300,97,129,235,127,82340044
301,99,129,236,129,82639764
302,103,123,236,128,82893003
303,97,130,236,128,83190269
304,101,123,236,128,83444186
305,99,130,237,128,83726660
306,95,129,234,126,83962966
307,99,126,236,126,84264157
308,100,123,237,125,84496231
309,95,128,235,126,84776769
310,95,129,234,126,85013542
311,94,130,234,127,85333567
312,97,132,275,134,85584818
313,101,123,237,128,85883287
314,97,132,274,136,86135021
315,96,130,235,127,86436355
316,95,130,234,128,86671181
317,99,122,234,126,86990039
318,95,129,234,126,87241324
319,96,122,231,125,87594608
320,99,122,233,126,87840274
321,94,130,234,127,88160097
322,95,128,233,126,88408354
323,94,130,234,127,88711624
324,95,129,234,126,88961034
325,95,128,234,126,89279797
326,92,128,233,126,89530045
327,100,123,237,125,89847406
328,95,128,235,124,90080469
329,96,127,270,132,90368764
330,95,130,234,128,90633217
331,90,127,229,125,90952007
332,90,129,230,127,91184389
333,92,128,232,126,91501161
334,92,128,232,126,91737994
335,92,130,234,126,92039701
336,95,129,234,126,92288852
337,92,130,236,126,92591660
338,95,126,235,124,92839562
339,95,128,234,126,93174729
340,92,130,235,127,93444904
341,92,130,232,127,93761961
342,93,129,270,129,94028904
343,95,96,221,96,94348627
344,77,135,220,94,94603439
345,77,125,216,89,94912947
346,73,120,204,116,95162581
347,75,115,202,111,95466824
348,71,113,192,109,95734041
349,67,107,187,105,96048232
350,65,102,182,100,96315634
351,58,100,174,98,96634651
352,58,97,165,95,96869713
353,54,94,159,92,97186939
354,58,92,159,91,97453842
355,59,90,156,90,97774244
356,58,87,153,87,98009446
357,57,86,146,86,98307430
358,56,86,147,87,98559194
359,56,84,144,87,98913254
360,55,81,140,82,99161737
361,52,77,135,79,99500144
362,52,76,132,77,99744875
363,49,74,127,72,100050541
364,150,121,205,121,100303005
365,49,71,125,71,100597524
366,47,71,122,71,100852124
367,47,69,121,71,101168671
368,48,65,125,67,101419717
369,54,64,126,65,101715415
370,48,61,120,62,101938419
371,50,61,122,62,102223576
372,51,60,122,61,102472942
373,52,63,124,63,102788974
374,51,62,121,62,103038957
375,53,64,124,64,103376278
376,51,64,123,64,103624810
377,52,62,124,63,103925475
378,50,62,123,63,104177596
379,51,62,125,63,104478377
380,54,64,126,65,104729526
381,52,64,125,65,105028824
382,54,65,125,65,105280948
383,50,64,124,64,105579800
384,51,62,122,63,105828147
385,50,62,121,62,106117054
386,51,62,124,62,106367313
387,51,62,123,62,106680356
388,50,62,123,62,106903510
389,49,62,122,62,107217795
390,52,63,125,63,107441599
391,49,62,122,63,107771805
392,49,63,122,63,108007604
393,49,63,121,63,108344585
394,46,67,119,68,108593547
395,42,69,113,68,108897539
396,44,71,115,70,109148494
397,43,71,114,70,109444265
398,43,71,114,70,109679838
399,42,72,114,69,109996378
400,41,72,113,71,110246894
401,40,71,112,69,110560634
402,41,71,112,68,110798218
403,42,71,114,69,111116123
404,43,72,115,71,111363729
405,42,72,114,70,111686970
406,42,71,114,69,111938850
407,42,72,113,70,112266312
408,42,72,113,70,112484335
409,42,72,114,69,112774421
410,43,74,114,70,113006763
411,40,70,113,68,113308897
412,40,71,112,68,113541241
413,40,72,112,68,113859212
414,40,71,112,68,114108022
415,42,71,114,69,114424764
416,40,70,111,67,114693733
417,42,72,113,69,115011159
418,39,70,111,68,115264342
419,42,71,113,69,115580214
420,40,70,113,68,115816153
421,41,72,113,68,116132122
422,41,72,113,68,116381889
423,43,72,114,69,116696829
424,44,75,115,71,116921725
425,45,75,118,73,117220072
426,49,76,123,74,117469102
427,52,78,127,75,117787125
428,53,78,126,76,118038042
429,52,77,125,75,118336064
430,52,78,126,75,118555350
431,54,76,126,75,118856235
432,53,76,125,75,119108376
433,53,76,125,75,119424215
434,54,77,127,75,119656278
435,53,77,126,75,119961052
436,53,77,126,75,120190006
437,53,78,127,75,120478668
438,53,77,126,75,120729703
439,53,78,127,75,121063997
440,54,80,127,77,121311818
441,53,77,125,75,121612633
442,53,77,125,75,121866009
443,53,78,126,75,122165556
444,54,77,126,75,122402893
445,54,77,126,75,122702569
446,53,77,125,75,122951412
447,54,80,127,76,123236941
448,53,78,124,75,123485953
449,53,78,127,75,123771149
450,53,78,125,75,124005713
451,52,77,125,75,124290869
452,53,78,125,75,124540206
453,52,77,125,75,124859166
454,53,78,126,75,125110424
455,52,77,125,75,125428872
456,52,76,125,74,125676956
457,53,74,125,72,125976535
458,56,72,127,71,126215931
459,59,72,130,71,126531598
460,57,73,130,72,126799502
461,57,72,130,71,127099077
462,59,73,130,71,127335803
463,59,71,130,71,127656257
464,60,70,130,71,127909703
465,57,72,130,71,128206215
466,60,70,130,72,128456027
467,60,69,130,71,128756937
468,58,68,129,71,129024346
469,59,70,129,72,129357975
470,57,69,129,71,129609978
471,56,70,127,70,129961374
472,57,69,127,69,130211904
473,57,68,127,69,130513159
474,58,68,128,71,130762862
475,58,68,128,71,131079961
476,57,68,127,71,131330348
477,56,71,127,71,131646910
478,58,67,128,71,131901833
479,58,68,128,72,132234706
480,57,68,126,71,132503107
481,55,66,126,69,132820536
482,54,71,127,69,133070670
483,48,70,122,70,133407781
484,46,72,120,71,133657917
485,49,74,123,72,133974976
486,48,72,124,72,134208222
487,48,73,124,73,134537093
488,48,74,126,74,134758581
489,52,77,131,76,135058557
490,55,80,136,79,135325911
491,54,82,140,81,135664792
492,57,87,149,89,135929278
493,64,94,163,95,136223741
494,67,99,174,100,136462347
495,74,106,190,106,136798832
496,84,118,208,120,137050712
497,93,123,227,127,137353982
498,90,127,233,130,137616327
499,99,134,245,132,137930708
500,97,135,249,137,138183334
501,96,138,246,140,138506636
502,94,138,245,138,138736977
503,97,139,247,141,139085848
504,96,137,245,140,139320572
505,86,135,238,137,139658498
506,80,135,230,138,139874761
507,82,137,229,137,140174848
508,84,138,230,138,140424607
509,86,141,232,138,140742695
510,87,137,231,137,141008612
511,85,135,228,133,141345667
512,84,132,229,132,141597769
513,87,133,228,131,141899021
514,85,132,225,129,142129022
515,82,132,223,127,142434108
516,82,132,222,127,142683007
517,82,130,223,128,142981179
518,82,129,223,127,143216993
519,81,130,223,128,143551404
520,82,132,223,127,143802408
521,83,132,223,127,144105251
522,82,132,224,127,144337667
523,81,133,222,128,144637948
524,82,135,223,130,144892948
525,85,135,226,131,145221812
526,85,134,228,130,145474562
527,97,138,238,131,145776801
528,108,135,257,132,146025101
529,108,135,256,133,146339884
530,105,128,253,128,146593145
531,106,132,253,129,146913229
532,102,128,250,128,147163341
533,105,130,253,128,147465307
534,106,132,253,129,147680776
535,106,132,256,127,147995607
536,106,133,256,131,148249001
537,106,133,255,131,148536300
538,109,134,259,131,148781313
539,103,132,252,129,149086452
540,106,132,253,129,149336527
541,105,133,253,128,149635826
542,104,133,253,128,149869177
543,104,133,250,130,150174839
544,104,133,250,130,150457082
545,106,132,253,129,150771059
546,106,132,253,129,151023818
547,105,130,253,130,151327422
548,103,133,250,130,151558550
549,102,130,249,128,151861668
550,102,130,249,128,152112930
551,106,132,252,129,152449898
552,103,132,253,129,152683028
553,106,133,255,131,152982088
554,106,133,256,131,153216600
555,99,132,251,129,153533465
556,99,131,250,131,153767243
557,96,131,240,122,154051163
558,94,134,237,127,154303818
559,93,137,236,130,154602617
560,92,137,233,128,154850248
561,91,136,235,129,155169081
562,102,141,237,100,155416352
563,101,143,233,101,155737792
564,96,139,231,95,155990844
565,98,140,232,96,156276597
566,97,134,228,96,156509009
567,99,131,251,131,156859333
568,106,130,259,128,157111498
569,106,132,248,122,157393788
570,99,135,240,125,157632216
571,92,137,232,133,157931431
572,90,138,230,136,158160620
573,90,138,231,135,158460879
574,96,137,245,135,158701050
575,100,129,252,129,159019006
576,106,123,248,121,159269577
577,101,133,242,121,159581321
578,90,134,232,129,159802938
579,81,130,221,125,160120016
580,83,136,223,131,160369317
581,85,136,226,129,160671855
582,83,134,223,130,160904051
583,82,132,224,127,161237739
584,82,134,223,127,161488085
585,83,134,223,127,161789273
586,91,136,235,129,162026173
587,101,132,246,127,162329210
588,108,132,253,127,162564806
589,110,132,255,129,162879664
590,118,126,256,128,163108497
591,103,132,246,129,163396277
592,94,134,237,129,163631435
593,85,134,225,129,163916042
594,83,134,223,129,164129349
595,83,134,223,127,164433932
596,92,133,238,128,164647792
597,104,133,251,131,164971689
598,117,126,256,129,165216829
599,111,133,258,130,165550791
600,101,135,245,132,165803936
601,84,134,228,129,166104827
602,84,135,227,130,166335933
603,85,133,225,126,166639307
604,85,134,230,129,166891685
605,101,134,244,129,167205784
606,107,131,256,124,167459100
607,108,131,256,126,167761000
608,106,130,256,123,167993562
609,115,126,259,124,168292988
610,101,130,246,128,168547387
611,87,132,232,127,168845775
612,80,132,223,129,169102919
613,80,134,221,130,169418629
614,80,135,223,131,169650954
615,81,134,226,131,169967335
616,90,135,237,131,170220980
617,99,132,244,127,170520558
618,104,130,252,123,170756939
619,113,125,253,123,171037162
620,113,124,253,122,171287188
621,103,134,249,129,171607897
622,75,141,263,103,171875513
623,71,139,264,134,172216727
624,89,135,236,130,172479338
625,93,133,233,128,172779737
626,90,131,229,127,173027573
627,92,134,231,129,173311418
628,92,132,230,130,173564428
629,92,132,228,128,173882351
630,88,129,226,125,174113704
631,88,129,225,123,174452064
632,88,128,225,123,174698637
633,88,128,225,123,175001367
634,88,127,224,123,175220580
635,88,129,225,125,175504193
636,88,129,224,123,175753045
637,88,129,224,123,175983382
